103521.44	493471.19 	372.45	    0.05	0.04	0.04
104364.66	494984.02	517.85      0.09	0.10	0.03
100396.58	498828.09 	634.46      0.03	0.01	0.02
107240.98	489582.15	372.41      0.05	0.07	0.06
96851.66	501480.15	536.70      0.04	0.04	0.11
103606.43	498702.81	792.49      0.06	0.06	0.01
103194.98	492050.9	628.09      0.07	0.05	0.04
105115.11	494793.96	501.53      0.07	0.10	0.03
103606.43	479295.69	528.25      0.08	0.01	0.02
98531.78	506931.98	731.30      0.04	0.07	0.06
100784.205	460878.788	321.039     0.02	0.04	0.11
100811.597	460938.081	321.047     0.02	0.06	0.01
100763.775	460888.292	321.048	    0.01	0.05	0.04  
