103035.68	493841.72	372.45		0.06	0.05	0.04
103878.92	495354.49	517.85		0.04	0.10	0.03
99911.05	499198.62	634.46		0.05	0.01	0.02
106755.13	489952.62	372.41		0.04	0.07	0.06
96366.26	501850.75	536.70		0.09	0.04	0.11
103120.83	499073.25	792.49		0.08	0.06	0.01
102709.19	492421.47	628.09		0.06	0.05	0.04
104629.35	495164.41	501.53		0.04	0.10	0.03
103120.36	479666.47	528.25		0.05	0.01	0.02
98046.54	507302.45	731.30		0.04	0.07	0.06
100297.921	461249.742	321.039		0.09	0.04	0.11	
100325.314	461309.034	321.047		0.08	0.06	0.01
100277.492	461259.246	321.048		0.06	0.05	0.04 
	